calib_time: 15-Mar-2012 11:37:16
R: 0 -1 0 0 0 -1 1 0 0
T: 0 0 0
delta_f: 0.000000e+00 0.000000e+00
delta_c: 0.000000e+00 0.000000e+00
