R_rect_02: 1 0 0 0 1 0 0 0 1
P_rect_02: 1.3286021686816564e+03 0 2.6395723689475653e+02 0 0 1.3222668484063690e+03 1.8637305209281496e+02 0 0 0 1 0
P_rect_03: 1.3286021686816564e+03 0 2.6395723689475653e+02 0 0 1.3222668484063690e+03 1.8637305209281496e+02 0 0 0 1 0

